197
196
195
195
194
193
193
192
192
192
193
192
191
190
189
188
189
189
190
190
191
192
191
190
189
190
189
189
189
189
190
191
190
189
190
191
192
191
192
193
192
193
193
194
193
194
195
194
195
194
193
194
193
193
194
195
195
195
194
195
195
196
195
195
194
193
192
192
192
193
193
193
194
195
195
196
197
196
195
194
194
193
194
193
194
195
195
195
196
195
195
196
197
198
198
199
199
198
199
199
198
199
198
199
199
199
199
199
199
198
197
198
199
198
199
198
198
199
198
198
197
198
199
198
199
199
198
198
199
199
199
198
199
199
198
198
199
199
199
199
198
199
198
199
198
197
196
197
196
197
197
198
197
196
195
195
195
195
195
194
193
192
193
193
194
193
194
194
195
196
195
196
195
196
197
196
197
197
196
197
197
198
199
199
199
198
199
199
199
199
198
197
198
198
197
198
197
198
197
196
196
195
194
193
192
191
190
189
188
187
186
185
184
183
182
181
180
179
178
177
176
175
174
173
172
171
170
169
168
167
166
165
164
163
163
163
163
164
165
166
165
164
163
162
161
160
159
158
157
156
155
154
153
152
153
154
154
153
152
153
154
154
155
154
153
152
151
150
149
148
149
149
150
150
150
150
149
148
147
146
145
144
143
144
144
143
142
141
140
140
139
140
139
138
138
139
140
139
138
137
137
136
135
134
133
132
131
